6.287189450278043523e+02
6.395834836949611599e+02
6.395860919629732280e+02
6.522914677842663878e+02
6.522954881294921279e+02
6.670736292271681123e+02
6.670795934205511912e+02
6.841456325007378609e+02
6.841544060105135259e+02
7.036760948396168942e+02
7.036888327859370520e+02
7.257383021040623134e+02
7.257563963496563701e+02
7.502405721446855296e+02
7.502653870174555095e+02
7.768342136466895909e+02
7.768663808799544768e+02
8.048078371852918735e+02
8.048458271195822817e+02
8.329974362828475023e+02
8.330353197529562976e+02
8.597752240667840624e+02
8.598004139602271607e+02
8.832149148957776106e+02
8.832082792063175702e+02
9.015273973723883500e+02
9.014629999225646770e+02
9.135049696337530349e+02
9.133896637446051727e+02
9.196748102635838222e+02
9.195708646944815428e+02
9.222236540824590065e+02
9.221531067338279399e+02
9.229999321591997159e+02
9.229648110035891477e+02
9.231463398200052097e+02
9.231345127168450517e+02
9.231535086231624518e+02
9.231512657079431392e+02
9.231503901655019035e+02
9.231502972263577931e+02
9.231499554953168172e+02
9.231499906927355141e+02
9.231499957686571634e+02
9.231499977293782422e+02
9.231500005871932899e+02
9.231500001570186669e+02
9.231499999976380195e+02
9.231500000098818646e+02
9.231500001277000820e+02
9.231500006055796348e+02
9.231499972533591745e+02
9.231499942607291587e+02
9.231499937040314308e+02
9.231499533063994249e+02
9.231503292089732895e+02
9.231504484422057430e+02
9.231513163747550834e+02
9.231539077297773019e+02
9.231342319720286014e+02
9.231477006365406623e+02
9.229632137049937910e+02
9.230030167227729407e+02
9.221490120046144057e+02
9.222288284546029900e+02
9.195640264936824906e+02
9.196815675806751642e+02
9.133814775287571592e+02
9.135118916879803237e+02
9.014557317569118595e+02
9.015331210030640250e+02
8.832068572425639559e+02
8.832153642875683772e+02
8.598031898398994599e+02
8.597720376305802574e+02
8.330398504083931357e+02
8.329927672976413078e+02
8.048504615589172317e+02
8.048031518964972975e+02
7.768703308785339914e+02
7.768302237453523276e+02
7.502684374379023211e+02
7.502374721304502145e+02
7.257586152085418689e+02
7.257360234891251594e+02
7.036903859898550309e+02
7.036744757638658712e+02
6.841554657134154240e+02
6.841445044182862603e+02
6.670803032212077142e+02
6.670728508297487451e+02
6.522959545905614505e+02
6.522909337389097573e+02
6.395863709269043511e+02
6.395831387424705099e+02
6.287189130054943007e+02
